SUBJECT,Time,RecTime,Duration,AWC,CTC,CVC
187,12,2673,220,232,7,15
187,12.05,2893,300,100,8,25
187,12.1,3193,300,139,4,21
187,12.15,3493,300,191,8,14
187,12.2,3793,300,254,7,13
187,12.25,4093,300,193,11,24
187,12.3,4393,300,220,9,18
187,12.35,4693,300,212,12,30
187,12.4,4993,300,282,11,28
187,12.45,5293,300,197,9,25
187,12.5,5593,300,347,12,17
187,12.55,5893,300,122,1,4
187,13,6193,300,224,7,14
187,13.05,6493,300,93,1,2
187,13.1,6793,300,174,6,12
187,13.15,7093,300,143,4,20
187,13.2,7393,300,73,3,5
187,13.25,7693,300,0,0,3
187,13.3,7993,300,29,1,5
187,13.35,8293,300,45,1,2
187,13.4,8593,300,41,4,9
187,13.45,8893,300,78,5,29
187,13.5,9193,300,0,0,2
187,13.55,9493,300,0,0,0
187,14,9793,300,74,4,16
187,14.05,10093,300,14,0,7
187,14.1,10393,300,78,1,3
187,14.15,10693,300,0,0,0
187,14.2,10993,300,106,3,4
187,14.25,11293,300,46,4,5
187,14.3,11593,300,162,8,22
187,14.35,11893,300,99,7,26
187,14.4,12193,300,102,3,5
187,14.45,12493,300,22,1,2
187,14.5,12793,300,102,5,9
187,14.55,13093,300,162,8,25
187,15,13393,300,128,7,14
187,15.05,13693,300,117,8,16
187,15.1,13993,300,85,0,3
187,15.15,14293,300,142,6,6
187,15.2,14593,300,266,9,10
187,15.25,14893,300,241,14,24
187,15.3,15193,300,85,4,18
187,15.35,15493,300,182,5,11
187,15.4,15793,300,364,11,20
187,15.45,16093,300,209,7,9
187,15.5,16393,300,518,16,22
187,15.55,16693,300,240,12,20
187,16,16993,300,221,9,18
187,16.05,17293,300,167,15,42
187,16.1,17593,300,132,8,16
187,16.15,17893,300,220,20,35
187,16.2,18193,300,160,16,40
187,16.25,18493,300,161,15,37
187,16.3,18793,300,186,13,28
187,16.35,19093,300,136,9,19
187,16.4,19393,300,205,24,52
187,16.45,19693,300,207,11,24
187,16.5,19993,300,89,4,17
187,16.55,20293,300,116,5,13
187,17,20593,300,12,0,6
187,17.05,20893,300,57,3,4
187,17.1,21193,300,37,0,1
187,17.15,21493,300,49,2,7
187,17.2,21793,300,75,2,3
187,17.25,22093,300,78,0,2
187,17.3,22393,300,51,2,3
187,17.35,22693,300,25,2,3
187,17.4,22993,300,0,0,1
187,17.45,23293,300,179,4,12
187,17.5,23593,300,70,4,11
187,17.55,23893,300,14,1,3
187,18,24193,300,0,0,4
187,18.05,24493,300,54,1,2
187,18.1,24793,300,78,3,3
187,18.15,25093,300,9,0,6
187,18.2,25393,300,91,0,1
187,18.25,25693,105,13,0,0
187,13.1,25798,74,27,1,2
187,13.15,25872,300,205,7,16
187,13.2,26172,300,222,8,15
187,13.25,26472,300,218,29,66
187,13.3,26772,300,139,8,29
187,13.35,27072,300,315,0,0
187,13.4,27372,300,358,0,0
187,13.45,27672,300,97,3,4
187,13.5,27972,300,27,0,0
187,13.55,28272,300,0,0,1
187,14,28572,300,40,0,2
187,14.05,28872,300,6,0,2
187,14.1,29172,300,0,0,1
187,14.15,29472,300,0,0,1
187,14.2,29772,300,15,1,1
187,14.25,30072,300,20,3,7
187,14.3,30372,300,104,0,6
187,14.35,30672,300,0,0,1
187,14.4,30972,300,54,0,0
187,14.45,31272,300,125,3,7
187,14.5,31572,300,34,1,2
187,14.55,31872,300,19,1,2
187,15,32172,300,0,0,0
187,15.05,32472,300,359,9,13
187,15.1,32772,300,282,6,12
187,15.15,33072,300,49,4,10
187,15.2,33372,300,15,1,13
187,15.25,33672,300,101,4,7
187,15.3,33972,300,56,7,18
187,15.35,34272,300,6,1,10
187,15.4,34572,300,21,0,7
187,15.45,34872,300,165,1,4
187,15.5,35172,300,49,3,11
187,15.55,35472,300,4,1,4
187,16,35772,300,75,5,19
187,16.05,36072,300,203,3,4
187,16.1,36372,300,51,0,0
187,16.15,36672,300,155,0,3
187,16.2,36972,300,246,5,7
187,16.25,37272,300,124,5,14
187,16.3,37572,300,308,13,19
187,16.35,37872,300,488,6,7
187,16.4,38172,300,463,4,4
187,16.45,38472,300,768,2,2
187,16.5,38772,300,485,10,15
187,16.55,39072,300,352,14,34
187,17,39372,300,326,7,16
187,17.05,39672,300,328,3,6
187,17.1,39972,300,104,1,6
187,17.15,40272,300,206,4,5
187,17.2,40572,300,148,2,20
187,17.25,40872,300,191,4,6
187,17.3,41172,300,191,5,9
187,17.35,41472,300,133,0,1
187,17.4,41772,300,161,4,11
187,17.45,42072,300,412,1,2
187,17.5,42372,300,402,18,28
187,17.55,42672,300,255,6,12
187,18,42972,300,319,2,2
187,18.05,43272,300,402,11,28
187,18.1,43572,15,5,0,0
187,18.25,43587,45,31,0,0
187,18.3,43632,300,159,1,9
187,18.35,43932,300,280,8,12
187,18.4,44232,300,299,10,18
187,18.45,44532,300,183,7,17
187,18.5,44832,300,280,11,24
187,18.55,45132,300,198,13,23
187,19,45432,300,256,12,26
187,19.05,45732,300,25,2,20
187,19.1,46032,300,0,0,14
187,19.15,46332,300,81,4,8
187,19.2,46632,300,126,8,21
187,19.25,46932,300,52,2,6
187,19.3,47232,300,94,4,4
187,19.35,47532,300,86,0,2
187,19.4,47832,300,161,0,2
187,19.45,48132,135,127,6,26
187,19.5,48267,111,65,3,14
187,19.55,48378,300,294,10,25
187,20,48678,300,102,1,7
187,20.05,48978,300,72,7,64
187,20.1,49278,300,207,9,22
187,20.15,49578,214,54,4,10
187,12.55,49792,254,72,3,5
187,13,50046,300,270,1,2
187,13.05,50346,300,200,0,1
187,13.1,50646,300,201,2,3
187,13.15,50946,300,328,6,10
187,13.2,51246,300,143,5,13
187,13.25,51546,300,142,4,12
187,13.3,51846,300,55,1,4
187,13.35,52146,300,55,1,2
187,13.4,52446,300,149,6,25
187,13.45,52746,300,95,1,4
187,13.5,53046,300,127,5,6
187,13.55,53346,300,58,0,0
187,14,53646,300,11,0,0
187,14.05,53946,300,96,4,16
187,14.1,54246,300,72,3,4
187,14.15,54546,300,83,10,46
187,14.2,54846,121,48,6,14
187,16.15,54967,154,42,2,12
187,16.2,55121,300,79,1,16
187,16.25,55421,300,172,4,10
187,16.3,55721,277,190,5,8
187,16.45,55998,90,117,3,5
187,16.5,56088,300,325,7,16
187,16.55,56388,299,151,15,35
187,17,56687,300,10,0,1
187,17.05,56987,300,0,0,3
187,17.1,57287,300,0,0,4
187,17.15,57587,13,0,0,0
